13
0.15952778852449817
-0.10142391727311917
1.3229374768722097
1.1815886362318333
1.4860322929957208
0.6705582123781657
0.039924923367256664
0.4965904085130876
-0.6559462920930565
-0.39499458629543915
-0.8190411082165674
-0.39499458629543915
-0.090550929531552
-0.23189977017192823
-0.47110550048641087
-0.2862647088797652
0.061670898850391766
-0.5472164146773826
-0.2536457456550629
-0.47110550048641087
-0.971262936598511
-0.31888367210446705
-0.7972951327334327
-0.8734060469244044
-0.7538031817671631
-0.9386439733738088
-0.6450733043514889
-0.8407870836997021
-0.44935952500327614
-0.16666184372252368
-1.0691198262726176
-0.8734060469244044
-1.0147548875647807
-1.025627875306348
-0.9821359243400783
-0.39499458629543915
-0.27539172113819765
-0.16666184372252368
0.23563870271546986
0.8988909549510812
1.3446834523553441
0.4422254698052506
0.3008766291648744
0.23563870271546986
-0.14491586823938898
-0.35150263532916937
-0.27539172113819765
-0.6450733043514889
-0.8842790346659718
-0.34062964758760217
-0.3080106843628999
-0.22102678243036067
0.26825766594017214
0.09428986207509364
-0.39499458629543915
1.399048391063181
0.23563870271546986
0.9858748568836204
0.08341687433352647
-0.31888367210446705
-0.4167405617785739
-0.7103112308008934
-0.03618599082371503
0.26825766594017214
1.1380966852655638
0.10516284981666119
-0.34062964758760217
-0.05793196630684974
-0.5580894024189501
-0.17753483146409124
0.18127376400763287
-0.090550929531552
0.0290519356256895
0.09428986207509364
0.17040077626606573
-0.12316989275625427
-0.27539172113819765
-0.1884078192056584
-0.14491586823938898
-0.2427727579134954
0.594447298187194
0.1486548007829306
0.2465116904570374
0.039924923367256664
0.1486548007829306
0.4422254698052506
-0.0035670275990127634
-0.03618599082371503
0.11603583755822874
0.6705582123781657
0.007305960142554787
-0.05793196630684974
0.039924923367256664
0.26825766594017214
-0.2101537946887931
0.6379392491534635
-0.12316989275625427
1.7578569865349056
2.312379361354842
1.159842660748699
0.540082359479357
0.43135248206368304
-0.427613549520141
-0.35150263532916937
-0.2645187333966301
-0.32975665984603464
-0.32975665984603464
-0.23189977017192823
-0.2971376966213324
-0.34062964758760217
-0.090550929531552
0.0290519356256895
-0.4058675740370063
-0.4167405617785739
-0.4384865372617086
-0.4602325127448433
-0.14491586823938898
-0.3623756230707369
-0.23189977017192823
-0.35150263532916937
-0.05793196630684974
-0.2427727579134954
-0.22102678243036067
-0.5689623901605173
-0.4058675740370063
-0.12316989275625427
-0.7429301940255958
-0.6885652553177588
-0.49285147596954554
-0.8951520224075391
-0.3623756230707369
-0.31888367210446705
0.050797911108824215
-0.44935952500327614
-0.7538031817671631
-0.481978488227978
-0.5580894024189501
-0.5907083656436519
-1.003881899823213
-0.5145974514526803
-0.9277709856322414
-0.8842790346659718
-0.9930089120816458
-0.7538031817671631
-1.166976715946724
-0.9495169611153761
-0.7538031817671631
-0.8625330591828371
-0.5145974514526803
-0.7755491572502978
-0.11229690501468671
-0.31888367210446705
-0.7864221449918651
-0.34062964758760217
-0.6015813533852196
-0.7538031817671631
-1.025627875306348
2.040554667815657
0.19214675174920043
0.08341687433352647
0.48571742077152
2.986504601332021
2.986504601332021
2.986504601332021
0.01817894788412195
0.26825766594017214
2.986504601332021
0.13778181304136344
0.13778181304136344
-0.025313003082147477
-0.5580894024189501
-0.37324861081230404
0.061670898850391766
0.11603583755822874
0.007305960142554787
0.7466691265691374
0.07254388659195893
0.22476571497390269
0.8010340652769744
1.5947621704113948
1.8774598516921464
1.4860322929957208
1.670873084602366
1.0837317465577267
0.4204794943221155
0.7684151020522725
2.986504601332021
1.0293668078498899
0.7901610775354072
1.3446834523553441
1.5730161949282595
0.8662719917263789
1.507778268478855
0.9315099181757834
0.7140501633444355
2.986504601332021
1.1707156484902657
0.8445260162432442
1.3120644891306423
1.3446834523553441
1.1272236975239962
0.17040077626606573
2.1492845452313314
2.82340978520851
2.986504601332021
0.007305960142554787
0.2030197394907676
-0.0035670275990127634
0.2030197394907676
-0.27539172113819765
-0.090550929531552
-0.35150263532916937
-0.014440015340580313
0.6053202859287615
0.1269088252997959
0.26825766594017214
0.08341687433352647
0.6705582123781657
-0.11229690501468671
0.050797911108824215
0.45309845754681777
-0.090550929531552
0.540082359479357
0.8227800407601095
2.421109238770516
2.986504601332021
1.638254121377664
0.9858748568836204
2.6276960058602974
0.9750018691420529
0.19214675174920043
0.9967478446251875
2.0840466187819273
2.8016638097253748
0.703177175602868
0.15952778852449817
0.27913065368173967
0.9750018691420529
0.1269088252997959
0.08341687433352647
-0.05793196630684974
-0.2645187333966301
-0.03618599082371503
0.1269088252997959
-0.5363434269358149
-0.4384865372617086
0.19214675174920043
-0.22102678243036067
0.21389272723233516
0.3987335188389808
0.2030197394907676
0.2465116904570374
0.7684151020522725
2.2036494839391683
-0.06880495404841729
-0.17753483146409124
2.3341253368379773
2.986504601332021
1.4642863175125855
0.8227800407601095
1.2250805871981025
2.2362684471638707
2.856028748433212
0.9206369304342159
1.5186512562204226
0.0290519356256895
0.8880179672095136
2.986504601332021
2.2797603981301404
-0.19928080694722597
-0.15578885598095615
0.2900036414233068
0.2030197394907676
1.3773024155800468
1.0728587588161593
1.0293668078498899
1.159842660748699
1.1489696730071313
0.7140501633444355
1.3664294278384792
2.4863471652199207
1.399048391063181
2.5515850916693252
2.986504601332021
1.051112783333025
-0.05793196630684974
-0.2645187333966301
0.07254388659195893
-0.025313003082147477
0.2465116904570374
0.648812236895031
1.6056351581529615
0.5835743104456265
0.1486548007829306
-0.090550929531552
0.6596852246365985
0.4965904085130876
-0.2427727579134954
-0.0035670275990127634
0.703177175602868
0.2465116904570374
-0.05793196630684974
0.4204794943221155
1.1489696730071313
1.4751593052541532
0.6379392491534635
1.1815886362318333
0.6161932736703287
0.0290519356256895
-0.2427727579134954
-0.6994382430593259
-0.04705897856528219
-0.34062964758760217
-0.10142391727311917
0.13778181304136344
-0.6885652553177588
-0.5145974514526803
-0.2971376966213324
0.061670898850391766
-0.16666184372252368
0.13778181304136344
0.061670898850391766
-0.23189977017192823
-0.4384865372617086
0.26825766594017214
0.22476571497390269
0.050797911108824215
-0.03618599082371503
-0.35150263532916937
0.007305960142554787
-0.2971376966213324
-0.5907083656436519
-0.34062964758760217
-0.03618599082371503
-0.19928080694722597
-0.15578885598095615
-0.32975665984603464
-0.4384865372617086
-0.2101537946887931
-0.3841215985538716
-0.4167405617785739
1.1054777220408618
-0.6559462920930565
0.1486548007829306
0.9423829059173505
-0.5472164146773826
-0.5798353779020848
0.061670898850391766
0.21389272723233516
0.4422254698052506
0.039924923367256664
0.17040077626606573
-0.427613549520141
0.8227800407601095
-0.47110550048641087
-0.2101537946887931
-0.5145974514526803
-0.090550929531552
0.01817894788412195
0.007305960142554787
0.26825766594017214
-0.2862647088797652
-0.1884078192056584
-0.6233273288683542
-0.06880495404841729
0.540082359479357
-0.06880495404841729
0.061670898850391766
2.986504601332021
2.986504601332021
2.986504601332021
2.986504601332021
2.986504601332021
-0.9495169611153761
-0.9495169611153761
-0.8190411082165674
-0.9386439733738088
-1.003881899823213
-1.025627875306348
-1.3409445198118024
-1.3191985443286676
-1.2648336056208307
-1.221341654654561
-1.112611777238887
-1.4931663481937458
-1.6671341520588243
-1.3083255565871001
-1.6453881765756895
-1.3409445198118024
-1.1995956791714262
-0.8081681204750001
0.07254388659195893
-1.3953094585196395
-0.9495169611153761
-1.0691198262726176
-1.025627875306348
-1.0908658017557522
-1.525785311418448
-1.906339882373307
-1.7649910417329309
-1.8411019559239028
-1.6671341520588243
-1.1343577527220219
-1.547531286901583
-1.525785311418448
-1.906339882373307
-1.1561037282051567
0.5835743104456265
-0.5798353779020848
0.540082359479357
-0.8190411082165674
-0.5798353779020848
-0.5037244637111131
-0.6776922675761912
-1.6888801275419592
-1.6671341520588243
-1.634515188834122
-1.3191985443286676
-1.4931663481937458
-1.5366582991600155
-0.6342003166099218
-0.9060250101491066
-0.1884078192056584
-0.9930089120816458
-1.1778497036882916
-1.547531286901583
-1.3409445198118024
-1.2648336056208307
-1.2539606178792633
-1.4170554340027741
-0.8734060469244044
-0.916897997890674
-0.6994382430593259
-0.8951520224075391
-1.1778497036882916
-0.9930089120816458
-1.406182446261207
-1.5040393359353135
-1.5366582991600155
-1.05824683853105
-1.3083255565871001
-0.5907083656436519
-0.44935952500327614
-0.7755491572502978
-1.275706593362398
-1.166976715946724
-0.8299140959581348
-1.079992814014185
-0.916897997890674
-1.0365008630479153
-0.9930089120816458
-0.7972951327334327
-0.6994382430593259
-0.5145974514526803
-0.8299140959581348
-0.916897997890674
-1.0691198262726176
-0.9821359243400783
-0.8299140959581348
-0.27539172113819765
-0.6668192798346241
-0.5254704391942479
-0.32975665984603464
-0.2536457456550629
-0.12316989275625427
-0.2862647088797652
-0.3841215985538716
-0.37324861081230404
-0.37324861081230404
-0.2645187333966301
-0.2862647088797652
-0.31888367210446705
0.07254388659195893
0.7901610775354072
-0.9495169611153761
-1.003881899823213
-0.6342003166099218
-1.1452307404635893
-0.8625330591828371
-0.12316989275625427
0.050797911108824215
0.1269088252997959
0.26825766594017214
-0.07967794178998445
-0.2101537946887931
-0.14491586823938898
-0.37324861081230404
-0.2101537946887931
-0.7972951327334327
-1.6888801275419592
-1.5692772623847178
-0.971262936598511
-0.2645187333966301
-0.07967794178998445
0.21389272723233516
0.061670898850391766
-0.3080106843628999
-0.4602325127448433
-0.14491586823938898
-0.5472164146773826
-0.6233273288683542
-0.014440015340580313
-0.2101537946887931
0.1486548007829306
-0.05793196630684974
-1.1561037282051567
